%% This file stores the confidence bounds from the profile likelihoods

% ABM PARAMETERS
abm_p_div = [0.05, 0.125, 0.245];
abm_div_lim = [8, 12, 15];

% PARAMETER FITS
% param_fit(i,j) corresponds to abm_p_div(i) and abm_div_lim(j)

K_fits_low = [  33064.7, 99681.7, 195846; ...
                18745.8, 45176.9, 112768; ...
                16879.5, 17631.7, 78848.2
                ];

K_fits_up = [ 37007.7, 111278, 232784; ...
                23958.4, 55240.2, 123391; ...
                22754.7, 21861.7, 88240.3
                ];

theta_fits_low = [ 362.888, 238.132, 77.1081; ...
                    3.0773, 12.449, 12.0101; ...
                    1.64059, 4.81241, 5.2844
                    ];

theta_fits_up = [  1000, 1000, 1000; ...
                    4.83364, 996.423, 16.9777; ...
                    1.93017, 12.0001, 7.74541
                   ];

muP_fits_low = [ 9.98439, 7.12468, 3.79206; ...
                    0.0875094, 0.695736, 0.62411; ...
                    0.0313951, 0.416947, 0.354644
                     ];

muP_fits_up = [ 100, 100, 100; ...
                0.190157, 69.9697, 0.95904; ...
                0.0554858, 1.46156, 0.619034;
               ];